4.860000000000000142e+01 -3.306070861970049818e-12
4.889999999999999858e+01 -8.290034774360880331e-11
4.919999999999999574e+01 -3.711499209293329833e-10
4.949999999999999289e+01 -7.813930950806499665e-10
4.979999999999999005e+01 -1.205181182666080097e-09
5.009999999999998721e+01 -1.548115519855559918e-09
5.039999999999998437e+01 -1.753735575542419986e-09
5.069999999999998153e+01 -1.801567854966349954e-09
5.099999999999997868e+01 -1.714567024120549935e-09
5.129999999999997584e+01 -1.530476508774810100e-09
5.159999999999997300e+01 -1.295119178654660049e-09
