4.860000000000000142e+01 1.000000000000000021e-03
4.889999999999999858e+01 1.000000000000000021e-03
4.919999999999999574e+01 1.000000000000000021e-03
4.949999999999999289e+01 1.000000000000000021e-03
4.979999999999999005e+01 1.000000000000000021e-03
5.009999999999998721e+01 1.000000000000000021e-03
5.039999999999998437e+01 1.000000000000000021e-03
5.069999999999998153e+01 1.000000000000000021e-03
5.099999999999997868e+01 1.000000000000000021e-03
5.129999999999997584e+01 1.000000000000000021e-03
5.159999999999997300e+01 1.000000000000000021e-03
