4.600000000000000000e+01 -5.504188627434709788e-14
4.629999999999999716e+01 -1.461878071826340043e-10
4.659999999999999432e+01 -5.099886460649070225e-10
4.689999999999999147e+01 -8.901744133251120390e-10
4.719999999999998863e+01 -1.091338658781109977e-09
4.749999999999998579e+01 -1.023538084150199940e-09
4.779999999999998295e+01 -7.332396611932219699e-10
4.809999999999998010e+01 -3.643197517049790043e-10
4.839999999999997726e+01 -8.221395922366129860e-11
4.869999999999997442e+01 -3.438527971638039847e-12
4.899999999999997158e+01 -1.592990913091930114e-10
4.929999999999996874e+01 -4.999061419187130046e-10
4.959999999999996589e+01 -9.262314055132020517e-10
4.989999999999996305e+01 -1.330685043588140043e-09
5.019999999999996021e+01 -1.629711827064700001e-09
5.049999999999995737e+01 -1.780159078698600071e-09
5.079999999999995453e+01 -1.779473218970610052e-09
5.109999999999995168e+01 -1.655039592920339996e-09
5.139999999999994884e+01 -1.449525751156749994e-09
5.169999999999994600e+01 -1.208036577697549965e-09
