4.600000000000000000e+01 -5.504073999050690218e-14
4.629999999999999716e+01 -1.461689648921859911e-10
4.659999999999999432e+01 -5.098762726249529644e-10
4.689999999999999147e+01 -8.900100481651359980e-10
4.719999999999998863e+01 -1.091293788421349986e-09
4.749999999999998579e+01 -1.023678356285670012e-09
4.779999999999998295e+01 -7.334339676696530507e-10
4.809999999999998010e+01 -3.644240947309999977e-10
4.839999999999997726e+01 -8.222980937930440296e-11
4.869999999999997442e+01 -3.438591417555579876e-12
4.899999999999997158e+01 -1.592704213198000064e-10
4.929999999999996874e+01 -4.997329352313130293e-10
4.959999999999996589e+01 -9.258222341032560240e-10
4.989999999999996305e+01 -1.330087117834580016e-09
5.019999999999996021e+01 -1.629103018766329910e-09
5.049999999999995737e+01 -1.779743626626999968e-09
5.079999999999995453e+01 -1.779079097116729983e-09
5.109999999999995168e+01 -1.655261679792270099e-09
5.139999999999994884e+01 -1.449976051821819984e-09
5.169999999999994600e+01 -1.208589666445990001e-09
