37 0 1 1
37 1 0 -1
37 1 0 1
37 1 1 -1
37 1 1 1
37 1 2 -1
37 1 2 1
37 1 3 -1
37 1 3 1
37 2 1 -1
37 2 1 1
37 2 2 -1
37 2 2 1
37 2 3 -1
37 2 3 1
37 2 4 -1
37 2 4 1
37 3 2 -1
37 3 2 1
37 3 3 -1
37 3 3 1
37 3 4 -1
37 3 4 1
37 3 5 -1
37 3 5 1
38 0 1 1
38 1 0 -1
38 1 0 1
38 1 1 -1
38 1 1 1
38 1 2 -1
38 1 2 1
38 1 3 -1
38 1 3 1
38 2 1 -1
38 2 1 1
38 2 2 -1
38 2 2 1
38 2 3 -1
38 2 3 1
38 2 4 -1
38 2 4 1
38 3 2 -1
38 3 2 1
38 3 3 -1
38 3 3 1
38 3 4 -1
38 3 4 1
38 3 5 -1
38 3 5 1
39 0 1 1
39 1 0 -1
39 1 0 1
39 1 1 -1
39 1 1 1
39 1 2 -1
39 1 2 1
39 1 3 -1
39 1 3 1
39 2 1 -1
39 2 1 1
39 2 2 -1
39 2 2 1
39 2 3 -1
39 2 3 1
39 2 4 -1
39 2 4 1
39 3 2 -1
39 3 2 1
39 3 3 -1
39 3 3 1
39 3 4 -1
39 3 4 1
39 3 5 -1
39 3 5 1
40 0 1 1
40 1 0 -1
40 1 0 1
40 1 1 -1
40 1 1 1
40 1 2 -1
40 1 2 1
40 1 3 -1
40 1 3 1
40 2 1 -1
40 2 1 1
40 2 2 -1
40 2 2 1
40 2 3 -1
40 2 3 1
40 2 4 -1
40 2 4 1
40 3 2 -1
40 3 2 1
40 3 3 -1
40 3 3 1
