4.600000000000000000e+01 -5.503041543806820051e-14
4.629999999999999716e+01 -1.461498940755289934e-10
4.659999999999999432e+01 -5.098635541419000495e-10
4.689999999999999147e+01 -8.900127897608380250e-10
4.719999999999998863e+01 -1.091228992852939949e-09
4.749999999999998579e+01 -1.023503320925450016e-09
4.779999999999998295e+01 -7.332372419785380141e-10
4.809999999999998010e+01 -3.643134573050120252e-10
4.839999999999997726e+01 -8.220782387589969907e-11
4.869999999999997442e+01 -3.437954705531020102e-12
4.899999999999997158e+01 -1.592546458118759930e-10
4.929999999999996874e+01 -4.997100540829380052e-10
4.959999999999996589e+01 -9.257820792702609983e-10
4.989999999999996305e+01 -1.329968524496359973e-09
5.019999999999996021e+01 -1.628831636358350086e-09
5.049999999999995737e+01 -1.779290394884200056e-09
5.079999999999995453e+01 -1.778778096769259948e-09
5.109999999999995168e+01 -1.654602216449230046e-09
5.139999999999994884e+01 -1.449338751448220058e-09
5.169999999999994600e+01 -1.208033680160190008e-09
