4.600000000000000000e+01 -6.219978012347740087e-10
4.629999999999999716e+01 -6.590661893369049983e-10
4.659999999999999432e+01 -8.059978238626830483e-10
4.689999999999999147e+01 -9.849855545166879603e-10
4.719999999999998863e+01 -1.093554546250110092e-09
4.749999999999998579e+01 -1.064133792930279931e-09
4.779999999999998295e+01 -9.005378236206060222e-10
4.809999999999998010e+01 -6.741214485014849703e-10
4.839999999999997726e+01 -4.870165206813479950e-10
4.869999999999997442e+01 -4.254039339998300228e-10
4.899999999999997158e+01 -5.260381429698610485e-10
4.929999999999996874e+01 -7.679519324271579541e-10
4.959999999999996589e+01 -1.087309968744270050e-09
4.989999999999996305e+01 -1.404307971090280024e-09
5.019999999999996021e+01 -1.649410589895790066e-09
5.049999999999995737e+01 -1.780222418573089979e-09
5.079999999999995453e+01 -1.786277357728380042e-09
5.109999999999995168e+01 -1.684003410588210064e-09
5.139999999999994884e+01 -1.506734131929549967e-09
5.169999999999994600e+01 -1.295589060525020034e-09
5.199999999999994316e+01 -1.106618875994140095e-09
5.229999999999994031e+01 -1.056629129440919948e-09
5.259999999999993747e+01 -7.899612939846229861e-10
